transformer.h.0.mlp_block.c_fc.weight transformer.h.0.mlp_block.c_fc.weight
tensor([[[-4.1350e-03, -4.8105e-03, -3.1447e-02,  ..., -8.9695e-03,
          -5.7913e-02, -3.0898e-02],
         [-2.0859e-02, -6.4635e-03,  1.8444e-02,  ...,  1.4526e-02,
           1.4066e-02, -9.0825e-03],
         [-3.0916e-02, -1.4583e-02,  2.5845e-02,  ...,  2.7858e-02,
          -1.3781e-02, -6.9445e-03],
         ...,
         [-3.2575e-02,  5.1633e-03,  1.8134e-02,  ..., -8.3458e-03,
          -1.9546e-02, -1.4717e-02],
         [ 3.5908e-02,  1.5317e-02,  3.4989e-02,  ...,  7.4306e-03,
           6.6709e-03, -2.7259e-02],
         [ 2.9966e-03, -1.7737e-02, -2.6067e-02,  ...,  4.4843e-04,
          -1.9989e-02, -5.9227e-03]],

        [[ 1.6063e-02, -2.4843e-02, -3.8818e-02,  ...,  1.1818e-02,
           1.7156e-03, -2.1978e-02],
         [ 1.1818e-02, -4.0689e-05,  1.0136e-02,  ...,  4.4704e-03,
          -5.1902e-02,  1.0219e-02],
         [-2.3390e-02,  9.9627e-03,  6.3940e-02,  ...,  1.7437e-02,
           3.5415e-02,  2.3572e-02],
         ...,
         [ 1.1004e-02,  3.2708e-02, -2.6284e-02,  ...,  2.9663e-02,
           1.8449e-02,  2.8095e-02],
         [-1.4976e-02,  1.3846e-02,  6.1384e-02,  ..., -1.0145e-02,
          -5.5555e-03,  2.6703e-04],
         [ 4.2613e-03, -4.9475e-04, -2.4689e-02,  ..., -5.3284e-03,
          -2.8225e-02, -1.8037e-03]],

        [[ 2.7252e-02,  8.3777e-03,  3.8179e-03,  ..., -9.8218e-03,
          -3.2021e-02,  7.4889e-03],
         [ 2.1039e-02,  1.2705e-02,  1.9759e-02,  ..., -3.2434e-02,
          -5.7294e-03, -2.1746e-02],
         [-3.3188e-03,  4.0883e-02,  5.1275e-03,  ..., -2.5463e-02,
           2.1248e-02,  6.4018e-03],
         ...,
         [-1.0936e-02, -4.2593e-03, -8.9490e-03,  ...,  2.6324e-02,
          -1.1838e-02,  8.4543e-03],
         [ 2.7138e-03,  8.4099e-04,  9.7269e-03,  ..., -1.9981e-02,
           8.5080e-03,  1.7448e-02],
         [-1.0666e-02, -8.0525e-03, -1.3508e-04,  ..., -3.5861e-02,
           7.8509e-03, -1.0420e-02]],

        ...,

        [[ 3.6292e-03, -1.2243e-02, -3.5264e-02,  ..., -4.6656e-02,
          -2.3742e-02,  1.4245e-02],
         [-2.8646e-02,  3.3429e-02,  1.4290e-03,  ...,  3.9076e-03,
          -4.5277e-03, -1.4450e-02],
         [ 2.3701e-02,  3.6049e-02, -7.9072e-03,  ...,  8.6580e-03,
          -2.0687e-03,  1.1447e-03],
         ...,
         [-3.7835e-02,  3.0561e-02, -1.1016e-02,  ...,  1.8474e-02,
          -5.9579e-02, -2.6277e-02],
         [ 5.8780e-03, -1.6065e-02, -7.7161e-03,  ..., -9.8745e-03,
           3.0590e-02, -6.0690e-02],
         [ 3.0112e-02, -8.1517e-03, -5.0672e-03,  ...,  8.2398e-03,
          -6.7912e-03,  5.8019e-02]],

        [[ 4.6311e-03,  2.0808e-02,  1.3261e-02,  ..., -2.1138e-02,
           1.6960e-02, -2.8969e-03],
         [ 3.2099e-02, -1.5375e-02, -3.1983e-02,  ..., -1.5825e-02,
           3.5070e-03,  5.0402e-03],
         [ 3.8366e-02, -3.1951e-02,  1.0692e-02,  ...,  1.0857e-02,
          -2.5435e-02, -2.4520e-02],
         ...,
         [-2.2497e-03, -1.0082e-02, -1.7315e-02,  ...,  9.5008e-03,
          -2.3306e-03,  4.3693e-02],
         [ 2.0848e-02, -6.8692e-03, -8.3485e-03,  ..., -1.2781e-02,
          -5.7361e-02, -3.7642e-02],
         [-9.7087e-03, -1.5679e-02, -6.1710e-04,  ..., -1.2719e-02,
          -8.1912e-03, -4.1852e-03]],

        [[-2.0617e-02,  3.2901e-02, -3.3839e-05,  ..., -6.0235e-03,
          -1.1826e-02,  3.4051e-02],
         [ 8.3442e-03, -1.2769e-02, -2.1235e-02,  ..., -3.8834e-02,
          -3.4781e-03,  1.3525e-02],
         [-4.6844e-02,  1.3375e-03,  1.3082e-02,  ...,  2.9991e-02,
          -9.4804e-03,  9.6268e-03],
         ...,
         [ 1.9266e-02,  4.7515e-03,  1.7142e-02,  ...,  5.1357e-03,
           2.9954e-02,  1.1763e-02],
         [ 1.4124e-02, -1.7195e-02, -3.2667e-02,  ...,  1.0758e-02,
           2.7610e-02,  2.1743e-02],
         [ 1.1186e-03, -1.0515e-02,  4.7130e-02,  ...,  1.8137e-02,
          -6.3374e-03,  1.0498e-02]]]) tensor([[-0.0041, -0.0048, -0.0314,  ..., -0.0090, -0.0579, -0.0309],
        [-0.0209, -0.0065,  0.0184,  ...,  0.0145,  0.0141, -0.0091],
        [-0.0309, -0.0146,  0.0258,  ...,  0.0279, -0.0138, -0.0069],
        ...,
        [ 0.0193,  0.0048,  0.0171,  ...,  0.0051,  0.0300,  0.0118],
        [ 0.0141, -0.0172, -0.0327,  ...,  0.0108,  0.0276,  0.0217],
        [ 0.0011, -0.0105,  0.0471,  ...,  0.0181, -0.0063,  0.0105]])